{
 "cells": [
  {
   "cell_type": "code",
   "execution_count": 31,
   "id": "c63fd103",
   "metadata": {},
   "outputs": [],
   "source": [
    "import numpy as np\n",
    "import pandas as pd\n",
    "import matplotlib.pyplot as plt\n",
    "\n",
    "combine = pd.read_csv(\"data/combine.csv\")\n",
    "draft = pd.read_csv(\"data/draft.csv\")\n",
    "\n",
    "combine_draft = pd.merge(left = combine, right = draft, how = \"inner\", on = \"playerId\")"
   ]
  },
  {
   "cell_type": "code",
   "execution_count": 32,
   "id": "2304b1be",
   "metadata": {},
   "outputs": [],
   "source": [
    " # Drop unused columns\n",
    "combine_draft = combine_draft.drop(columns = [\"combineId_x\", \"nameFirst_x\", \"nameLast_x\", \n",
    "                                              \"collegeId_x\", \"nflId_x\", \"college_x\", \"heightInches_x\", \n",
    "                                              \"weight_x\", \"playerProfileUrl_x\", \"homeCity_x\", \"homeState_x\", \n",
    "                                              \"homeCountry_x\", \"hsCity_x\", \"highSchool_x\", \"hsState_x\", \n",
    "                                              \"hsCountry_x\", \"draftTeam\", \"teamId\", \"nameFirst_y\", \n",
    "                                              \"nameLast_y\", \"nameFull_y\", \"collegeId_y\", \"nflId_y\", \n",
    "                                              \"combineId_y\", \"college_y\", \"heightInches_y\", \"weight_y\", \n",
    "                                              \"dob_y\", \"playerProfileUrl_y\", \"homeCity_y\", \"homeState_y\", \n",
    "                                              \"homeCountry_y\", \"highSchool_y\", \"hsCity_y\", \"hsState_y\", \n",
    "                                              \"hsCountry_y\", \"ageAtDraft_y\", \"position_y\", \"combine60ydShuttle\"])\n"
   ]
  },
  {
   "cell_type": "code",
   "execution_count": 33,
   "id": "6ea14507",
   "metadata": {},
   "outputs": [],
   "source": [
    "combine_draft = combine_draft.query(\"combinePosition == 'QB'\")\n",
    "\n",
    "# Dropping columns where more than half are missing values\n",
    "#print(combine_draft_qb.isnull().sum())\n",
    "combine_draft = combine_draft.drop(columns = [\"combineHand\", \"combineArm\", \"combineBench\"])\n"
   ]
  },
  {
   "cell_type": "code",
   "execution_count": 34,
   "id": "80d9d1cb",
   "metadata": {},
   "outputs": [
    {
     "data": {
      "application/vnd.microsoft.datawrangler.viewer.v0+json": {
       "columns": [
        {
         "name": "index",
         "rawType": "object",
         "type": "string"
        },
        {
         "name": "playerId",
         "rawType": "float64",
         "type": "float"
        },
        {
         "name": "combineYear",
         "rawType": "float64",
         "type": "float"
        },
        {
         "name": "combineHeight",
         "rawType": "float64",
         "type": "float"
        },
        {
         "name": "combineWeight",
         "rawType": "float64",
         "type": "float"
        },
        {
         "name": "ageAtDraft_x",
         "rawType": "float64",
         "type": "float"
        },
        {
         "name": "combine40yd",
         "rawType": "float64",
         "type": "float"
        },
        {
         "name": "combineVert",
         "rawType": "float64",
         "type": "float"
        },
        {
         "name": "combineShuttle",
         "rawType": "float64",
         "type": "float"
        },
        {
         "name": "combineBroad",
         "rawType": "float64",
         "type": "float"
        },
        {
         "name": "combine3cone",
         "rawType": "float64",
         "type": "float"
        },
        {
         "name": "combineWonderlic",
         "rawType": "float64",
         "type": "float"
        },
        {
         "name": "draft",
         "rawType": "float64",
         "type": "float"
        },
        {
         "name": "round",
         "rawType": "float64",
         "type": "float"
        },
        {
         "name": "pick",
         "rawType": "float64",
         "type": "float"
        },
        {
         "name": "draftTradeValue",
         "rawType": "float64",
         "type": "float"
        }
       ],
       "ref": "92107889-9052-4f62-9866-c261407c21ce",
       "rows": [
        [
         "playerId",
         "1.0",
         "0.999999614068976",
         "0.19379740675799773",
         "0.4222185806121225",
         "-0.035513228047160415",
         "-0.2512993508164833",
         "0.22384994605676123",
         "-0.2194841936739829",
         "0.317626358960748",
         "-0.427446782928414",
         "0.15819779723152205",
         "0.999999614068976",
         "-0.32230849968306235",
         "-0.21181920443793242",
         "0.13126042599212356"
        ],
        [
         "combineYear",
         "0.999999614068976",
         "1.0",
         "0.1939684150170041",
         "0.4224033400270928",
         "-0.03574202538188091",
         "-0.25146152213621503",
         "0.2240565633156501",
         "-0.2196199696314489",
         "0.3178263144603538",
         "-0.4277117963888812",
         "0.15824829064769186",
         "1.0",
         "-0.3231536939173909",
         "-0.21267774395817998",
         "0.1318537811894663"
        ],
        [
         "combineHeight",
         "0.19379740675799773",
         "0.1939684150170041",
         "1.0",
         "0.614603480837105",
         "-0.0404571717526908",
         "0.23300163137721797",
         "-0.12671052502191968",
         "0.19313918866972643",
         "-0.03440912753435581",
         "0.07667783976645007",
         "0.12095469426940877",
         "0.1939684150170044",
         "-0.2555040910451904",
         "-0.2313632624541047",
         "0.17889825531967476"
        ],
        [
         "combineWeight",
         "0.4222185806121225",
         "0.4224033400270928",
         "0.614603480837105",
         "1.0",
         "-0.13503802875112628",
         "0.015700144462465697",
         "0.1149772364592737",
         "-0.0038083794467402045",
         "0.12972747056543216",
         "-0.05329850986362485",
         "0.027125668254105804",
         "0.42240334002709334",
         "-0.353024393199956",
         "-0.29514214059007654",
         "0.2497075930425556"
        ],
        [
         "ageAtDraft_x",
         "-0.035513228047160415",
         "-0.03574202538188091",
         "-0.0404571717526908",
         "-0.13503802875112628",
         "1.0",
         "0.1560165846507993",
         "-0.14026134384286662",
         "-0.03659521257540434",
         "-0.21491821355502994",
         "0.06393383023898497",
         "-0.024517090182434347",
         "-0.03574202538188071",
         "0.2338582135430316",
         "0.26205240494846466",
         "-0.32816234672677147"
        ],
        [
         "combine40yd",
         "-0.2512993508164833",
         "-0.25146152213621503",
         "0.23300163137721797",
         "0.015700144462465697",
         "0.1560165846507993",
         "1.0",
         "-0.6929227254319237",
         "0.5083546664178861",
         "-0.6712566946262534",
         "0.46688523991293635",
         "0.17111596626908537",
         "-0.25146152213621487",
         "0.2623665990275091",
         "0.23972057160046192",
         "-0.2448442630431313"
        ],
        [
         "combineVert",
         "0.22384994605676123",
         "0.2240565633156501",
         "-0.12671052502191968",
         "0.1149772364592737",
         "-0.14026134384286662",
         "-0.6929227254319237",
         "1.0",
         "-0.5299824216534009",
         "0.741964693381852",
         "-0.34865144420873057",
         "-0.08999143957396147",
         "0.22405656331565085",
         "-0.33370154329820206",
         "-0.2954851267156517",
         "0.21915390413478983"
        ],
        [
         "combineShuttle",
         "-0.2194841936739829",
         "-0.2196199696314489",
         "0.19313918866972643",
         "-0.0038083794467402045",
         "-0.03659521257540434",
         "0.5083546664178861",
         "-0.5299824216534009",
         "1.0",
         "-0.4298323973436269",
         "0.5284857102969877",
         "-0.11278067745077158",
         "-0.2196199696314488",
         "0.2406806756966407",
         "0.20295083003014938",
         "-0.11084041140998889"
        ],
        [
         "combineBroad",
         "0.317626358960748",
         "0.3178263144603538",
         "-0.03440912753435581",
         "0.12972747056543216",
         "-0.21491821355502994",
         "-0.6712566946262534",
         "0.741964693381852",
         "-0.4298323973436269",
         "1.0",
         "-0.48423521612102255",
         "-0.13740193037435816",
         "0.3178263144603543",
         "-0.30474701942107185",
         "-0.3027980712680715",
         "0.2745584665995589"
        ],
        [
         "combine3cone",
         "-0.427446782928414",
         "-0.4277117963888812",
         "0.07667783976645007",
         "-0.05329850986362485",
         "0.06393383023898497",
         "0.46688523991293635",
         "-0.34865144420873057",
         "0.5284857102969877",
         "-0.48423521612102255",
         "1.0",
         "-0.1810502376365735",
         "-0.4277117963888812",
         "0.2740044075158957",
         "0.26628033556518843",
         "-0.25974735579999597"
        ],
        [
         "combineWonderlic",
         "0.15819779723152205",
         "0.15824829064769186",
         "0.12095469426940877",
         "0.027125668254105804",
         "-0.024517090182434347",
         "0.17111596626908537",
         "-0.08999143957396147",
         "-0.11278067745077158",
         "-0.13740193037435816",
         "-0.1810502376365735",
         "1.0",
         "0.15824829064769347",
         "-0.0623560092385619",
         "-0.06680781125648134",
         "0.08445763027988443"
        ],
        [
         "draft",
         "0.999999614068976",
         "1.0",
         "0.1939684150170044",
         "0.42240334002709334",
         "-0.03574202538188071",
         "-0.25146152213621487",
         "0.22405656331565085",
         "-0.2196199696314488",
         "0.3178263144603543",
         "-0.4277117963888812",
         "0.15824829064769347",
         "1.0",
         "-0.3231536939173909",
         "-0.21267774395817998",
         "0.1318537811894663"
        ],
        [
         "round",
         "-0.32230849968306235",
         "-0.3231536939173909",
         "-0.2555040910451904",
         "-0.353024393199956",
         "0.2338582135430316",
         "0.2623665990275091",
         "-0.33370154329820206",
         "0.2406806756966407",
         "-0.30474701942107185",
         "0.2740044075158957",
         "-0.0623560092385619",
         "-0.3231536939173909",
         "1.0",
         "0.9760937729805358",
         "-0.6252173420938449"
        ],
        [
         "pick",
         "-0.21181920443793242",
         "-0.21267774395817998",
         "-0.2313632624541047",
         "-0.29514214059007654",
         "0.26205240494846466",
         "0.23972057160046192",
         "-0.2954851267156517",
         "0.20295083003014938",
         "-0.3027980712680715",
         "0.26628033556518843",
         "-0.06680781125648134",
         "-0.21267774395817998",
         "0.9760937729805358",
         "1.0",
         "-0.6879097596270729"
        ],
        [
         "draftTradeValue",
         "0.13126042599212356",
         "0.1318537811894663",
         "0.17889825531967476",
         "0.2497075930425556",
         "-0.32816234672677147",
         "-0.2448442630431313",
         "0.21915390413478983",
         "-0.11084041140998889",
         "0.2745584665995589",
         "-0.25974735579999597",
         "0.08445763027988443",
         "0.1318537811894663",
         "-0.6252173420938449",
         "-0.6879097596270729",
         "1.0"
        ]
       ],
       "shape": {
        "columns": 15,
        "rows": 15
       }
      },
      "text/html": [
       "<div>\n",
       "<style scoped>\n",
       "    .dataframe tbody tr th:only-of-type {\n",
       "        vertical-align: middle;\n",
       "    }\n",
       "\n",
       "    .dataframe tbody tr th {\n",
       "        vertical-align: top;\n",
       "    }\n",
       "\n",
       "    .dataframe thead th {\n",
       "        text-align: right;\n",
       "    }\n",
       "</style>\n",
       "<table border=\"1\" class=\"dataframe\">\n",
       "  <thead>\n",
       "    <tr style=\"text-align: right;\">\n",
       "      <th></th>\n",
       "      <th>playerId</th>\n",
       "      <th>combineYear</th>\n",
       "      <th>combineHeight</th>\n",
       "      <th>combineWeight</th>\n",
       "      <th>ageAtDraft_x</th>\n",
       "      <th>combine40yd</th>\n",
       "      <th>combineVert</th>\n",
       "      <th>combineShuttle</th>\n",
       "      <th>combineBroad</th>\n",
       "      <th>combine3cone</th>\n",
       "      <th>combineWonderlic</th>\n",
       "      <th>draft</th>\n",
       "      <th>round</th>\n",
       "      <th>pick</th>\n",
       "      <th>draftTradeValue</th>\n",
       "    </tr>\n",
       "  </thead>\n",
       "  <tbody>\n",
       "    <tr>\n",
       "      <th>playerId</th>\n",
       "      <td>1.000000</td>\n",
       "      <td>1.000000</td>\n",
       "      <td>0.193797</td>\n",
       "      <td>0.422219</td>\n",
       "      <td>-0.035513</td>\n",
       "      <td>-0.251299</td>\n",
       "      <td>0.223850</td>\n",
       "      <td>-0.219484</td>\n",
       "      <td>0.317626</td>\n",
       "      <td>-0.427447</td>\n",
       "      <td>0.158198</td>\n",
       "      <td>1.000000</td>\n",
       "      <td>-0.322308</td>\n",
       "      <td>-0.211819</td>\n",
       "      <td>0.131260</td>\n",
       "    </tr>\n",
       "    <tr>\n",
       "      <th>combineYear</th>\n",
       "      <td>1.000000</td>\n",
       "      <td>1.000000</td>\n",
       "      <td>0.193968</td>\n",
       "      <td>0.422403</td>\n",
       "      <td>-0.035742</td>\n",
       "      <td>-0.251462</td>\n",
       "      <td>0.224057</td>\n",
       "      <td>-0.219620</td>\n",
       "      <td>0.317826</td>\n",
       "      <td>-0.427712</td>\n",
       "      <td>0.158248</td>\n",
       "      <td>1.000000</td>\n",
       "      <td>-0.323154</td>\n",
       "      <td>-0.212678</td>\n",
       "      <td>0.131854</td>\n",
       "    </tr>\n",
       "    <tr>\n",
       "      <th>combineHeight</th>\n",
       "      <td>0.193797</td>\n",
       "      <td>0.193968</td>\n",
       "      <td>1.000000</td>\n",
       "      <td>0.614603</td>\n",
       "      <td>-0.040457</td>\n",
       "      <td>0.233002</td>\n",
       "      <td>-0.126711</td>\n",
       "      <td>0.193139</td>\n",
       "      <td>-0.034409</td>\n",
       "      <td>0.076678</td>\n",
       "      <td>0.120955</td>\n",
       "      <td>0.193968</td>\n",
       "      <td>-0.255504</td>\n",
       "      <td>-0.231363</td>\n",
       "      <td>0.178898</td>\n",
       "    </tr>\n",
       "    <tr>\n",
       "      <th>combineWeight</th>\n",
       "      <td>0.422219</td>\n",
       "      <td>0.422403</td>\n",
       "      <td>0.614603</td>\n",
       "      <td>1.000000</td>\n",
       "      <td>-0.135038</td>\n",
       "      <td>0.015700</td>\n",
       "      <td>0.114977</td>\n",
       "      <td>-0.003808</td>\n",
       "      <td>0.129727</td>\n",
       "      <td>-0.053299</td>\n",
       "      <td>0.027126</td>\n",
       "      <td>0.422403</td>\n",
       "      <td>-0.353024</td>\n",
       "      <td>-0.295142</td>\n",
       "      <td>0.249708</td>\n",
       "    </tr>\n",
       "    <tr>\n",
       "      <th>ageAtDraft_x</th>\n",
       "      <td>-0.035513</td>\n",
       "      <td>-0.035742</td>\n",
       "      <td>-0.040457</td>\n",
       "      <td>-0.135038</td>\n",
       "      <td>1.000000</td>\n",
       "      <td>0.156017</td>\n",
       "      <td>-0.140261</td>\n",
       "      <td>-0.036595</td>\n",
       "      <td>-0.214918</td>\n",
       "      <td>0.063934</td>\n",
       "      <td>-0.024517</td>\n",
       "      <td>-0.035742</td>\n",
       "      <td>0.233858</td>\n",
       "      <td>0.262052</td>\n",
       "      <td>-0.328162</td>\n",
       "    </tr>\n",
       "    <tr>\n",
       "      <th>combine40yd</th>\n",
       "      <td>-0.251299</td>\n",
       "      <td>-0.251462</td>\n",
       "      <td>0.233002</td>\n",
       "      <td>0.015700</td>\n",
       "      <td>0.156017</td>\n",
       "      <td>1.000000</td>\n",
       "      <td>-0.692923</td>\n",
       "      <td>0.508355</td>\n",
       "      <td>-0.671257</td>\n",
       "      <td>0.466885</td>\n",
       "      <td>0.171116</td>\n",
       "      <td>-0.251462</td>\n",
       "      <td>0.262367</td>\n",
       "      <td>0.239721</td>\n",
       "      <td>-0.244844</td>\n",
       "    </tr>\n",
       "    <tr>\n",
       "      <th>combineVert</th>\n",
       "      <td>0.223850</td>\n",
       "      <td>0.224057</td>\n",
       "      <td>-0.126711</td>\n",
       "      <td>0.114977</td>\n",
       "      <td>-0.140261</td>\n",
       "      <td>-0.692923</td>\n",
       "      <td>1.000000</td>\n",
       "      <td>-0.529982</td>\n",
       "      <td>0.741965</td>\n",
       "      <td>-0.348651</td>\n",
       "      <td>-0.089991</td>\n",
       "      <td>0.224057</td>\n",
       "      <td>-0.333702</td>\n",
       "      <td>-0.295485</td>\n",
       "      <td>0.219154</td>\n",
       "    </tr>\n",
       "    <tr>\n",
       "      <th>combineShuttle</th>\n",
       "      <td>-0.219484</td>\n",
       "      <td>-0.219620</td>\n",
       "      <td>0.193139</td>\n",
       "      <td>-0.003808</td>\n",
       "      <td>-0.036595</td>\n",
       "      <td>0.508355</td>\n",
       "      <td>-0.529982</td>\n",
       "      <td>1.000000</td>\n",
       "      <td>-0.429832</td>\n",
       "      <td>0.528486</td>\n",
       "      <td>-0.112781</td>\n",
       "      <td>-0.219620</td>\n",
       "      <td>0.240681</td>\n",
       "      <td>0.202951</td>\n",
       "      <td>-0.110840</td>\n",
       "    </tr>\n",
       "    <tr>\n",
       "      <th>combineBroad</th>\n",
       "      <td>0.317626</td>\n",
       "      <td>0.317826</td>\n",
       "      <td>-0.034409</td>\n",
       "      <td>0.129727</td>\n",
       "      <td>-0.214918</td>\n",
       "      <td>-0.671257</td>\n",
       "      <td>0.741965</td>\n",
       "      <td>-0.429832</td>\n",
       "      <td>1.000000</td>\n",
       "      <td>-0.484235</td>\n",
       "      <td>-0.137402</td>\n",
       "      <td>0.317826</td>\n",
       "      <td>-0.304747</td>\n",
       "      <td>-0.302798</td>\n",
       "      <td>0.274558</td>\n",
       "    </tr>\n",
       "    <tr>\n",
       "      <th>combine3cone</th>\n",
       "      <td>-0.427447</td>\n",
       "      <td>-0.427712</td>\n",
       "      <td>0.076678</td>\n",
       "      <td>-0.053299</td>\n",
       "      <td>0.063934</td>\n",
       "      <td>0.466885</td>\n",
       "      <td>-0.348651</td>\n",
       "      <td>0.528486</td>\n",
       "      <td>-0.484235</td>\n",
       "      <td>1.000000</td>\n",
       "      <td>-0.181050</td>\n",
       "      <td>-0.427712</td>\n",
       "      <td>0.274004</td>\n",
       "      <td>0.266280</td>\n",
       "      <td>-0.259747</td>\n",
       "    </tr>\n",
       "    <tr>\n",
       "      <th>combineWonderlic</th>\n",
       "      <td>0.158198</td>\n",
       "      <td>0.158248</td>\n",
       "      <td>0.120955</td>\n",
       "      <td>0.027126</td>\n",
       "      <td>-0.024517</td>\n",
       "      <td>0.171116</td>\n",
       "      <td>-0.089991</td>\n",
       "      <td>-0.112781</td>\n",
       "      <td>-0.137402</td>\n",
       "      <td>-0.181050</td>\n",
       "      <td>1.000000</td>\n",
       "      <td>0.158248</td>\n",
       "      <td>-0.062356</td>\n",
       "      <td>-0.066808</td>\n",
       "      <td>0.084458</td>\n",
       "    </tr>\n",
       "    <tr>\n",
       "      <th>draft</th>\n",
       "      <td>1.000000</td>\n",
       "      <td>1.000000</td>\n",
       "      <td>0.193968</td>\n",
       "      <td>0.422403</td>\n",
       "      <td>-0.035742</td>\n",
       "      <td>-0.251462</td>\n",
       "      <td>0.224057</td>\n",
       "      <td>-0.219620</td>\n",
       "      <td>0.317826</td>\n",
       "      <td>-0.427712</td>\n",
       "      <td>0.158248</td>\n",
       "      <td>1.000000</td>\n",
       "      <td>-0.323154</td>\n",
       "      <td>-0.212678</td>\n",
       "      <td>0.131854</td>\n",
       "    </tr>\n",
       "    <tr>\n",
       "      <th>round</th>\n",
       "      <td>-0.322308</td>\n",
       "      <td>-0.323154</td>\n",
       "      <td>-0.255504</td>\n",
       "      <td>-0.353024</td>\n",
       "      <td>0.233858</td>\n",
       "      <td>0.262367</td>\n",
       "      <td>-0.333702</td>\n",
       "      <td>0.240681</td>\n",
       "      <td>-0.304747</td>\n",
       "      <td>0.274004</td>\n",
       "      <td>-0.062356</td>\n",
       "      <td>-0.323154</td>\n",
       "      <td>1.000000</td>\n",
       "      <td>0.976094</td>\n",
       "      <td>-0.625217</td>\n",
       "    </tr>\n",
       "    <tr>\n",
       "      <th>pick</th>\n",
       "      <td>-0.211819</td>\n",
       "      <td>-0.212678</td>\n",
       "      <td>-0.231363</td>\n",
       "      <td>-0.295142</td>\n",
       "      <td>0.262052</td>\n",
       "      <td>0.239721</td>\n",
       "      <td>-0.295485</td>\n",
       "      <td>0.202951</td>\n",
       "      <td>-0.302798</td>\n",
       "      <td>0.266280</td>\n",
       "      <td>-0.066808</td>\n",
       "      <td>-0.212678</td>\n",
       "      <td>0.976094</td>\n",
       "      <td>1.000000</td>\n",
       "      <td>-0.687910</td>\n",
       "    </tr>\n",
       "    <tr>\n",
       "      <th>draftTradeValue</th>\n",
       "      <td>0.131260</td>\n",
       "      <td>0.131854</td>\n",
       "      <td>0.178898</td>\n",
       "      <td>0.249708</td>\n",
       "      <td>-0.328162</td>\n",
       "      <td>-0.244844</td>\n",
       "      <td>0.219154</td>\n",
       "      <td>-0.110840</td>\n",
       "      <td>0.274558</td>\n",
       "      <td>-0.259747</td>\n",
       "      <td>0.084458</td>\n",
       "      <td>0.131854</td>\n",
       "      <td>-0.625217</td>\n",
       "      <td>-0.687910</td>\n",
       "      <td>1.000000</td>\n",
       "    </tr>\n",
       "  </tbody>\n",
       "</table>\n",
       "</div>"
      ],
      "text/plain": [
       "                  playerId  combineYear  combineHeight  combineWeight  \\\n",
       "playerId          1.000000     1.000000       0.193797       0.422219   \n",
       "combineYear       1.000000     1.000000       0.193968       0.422403   \n",
       "combineHeight     0.193797     0.193968       1.000000       0.614603   \n",
       "combineWeight     0.422219     0.422403       0.614603       1.000000   \n",
       "ageAtDraft_x     -0.035513    -0.035742      -0.040457      -0.135038   \n",
       "combine40yd      -0.251299    -0.251462       0.233002       0.015700   \n",
       "combineVert       0.223850     0.224057      -0.126711       0.114977   \n",
       "combineShuttle   -0.219484    -0.219620       0.193139      -0.003808   \n",
       "combineBroad      0.317626     0.317826      -0.034409       0.129727   \n",
       "combine3cone     -0.427447    -0.427712       0.076678      -0.053299   \n",
       "combineWonderlic  0.158198     0.158248       0.120955       0.027126   \n",
       "draft             1.000000     1.000000       0.193968       0.422403   \n",
       "round            -0.322308    -0.323154      -0.255504      -0.353024   \n",
       "pick             -0.211819    -0.212678      -0.231363      -0.295142   \n",
       "draftTradeValue   0.131260     0.131854       0.178898       0.249708   \n",
       "\n",
       "                  ageAtDraft_x  combine40yd  combineVert  combineShuttle  \\\n",
       "playerId             -0.035513    -0.251299     0.223850       -0.219484   \n",
       "combineYear          -0.035742    -0.251462     0.224057       -0.219620   \n",
       "combineHeight        -0.040457     0.233002    -0.126711        0.193139   \n",
       "combineWeight        -0.135038     0.015700     0.114977       -0.003808   \n",
       "ageAtDraft_x          1.000000     0.156017    -0.140261       -0.036595   \n",
       "combine40yd           0.156017     1.000000    -0.692923        0.508355   \n",
       "combineVert          -0.140261    -0.692923     1.000000       -0.529982   \n",
       "combineShuttle       -0.036595     0.508355    -0.529982        1.000000   \n",
       "combineBroad         -0.214918    -0.671257     0.741965       -0.429832   \n",
       "combine3cone          0.063934     0.466885    -0.348651        0.528486   \n",
       "combineWonderlic     -0.024517     0.171116    -0.089991       -0.112781   \n",
       "draft                -0.035742    -0.251462     0.224057       -0.219620   \n",
       "round                 0.233858     0.262367    -0.333702        0.240681   \n",
       "pick                  0.262052     0.239721    -0.295485        0.202951   \n",
       "draftTradeValue      -0.328162    -0.244844     0.219154       -0.110840   \n",
       "\n",
       "                  combineBroad  combine3cone  combineWonderlic     draft  \\\n",
       "playerId              0.317626     -0.427447          0.158198  1.000000   \n",
       "combineYear           0.317826     -0.427712          0.158248  1.000000   \n",
       "combineHeight        -0.034409      0.076678          0.120955  0.193968   \n",
       "combineWeight         0.129727     -0.053299          0.027126  0.422403   \n",
       "ageAtDraft_x         -0.214918      0.063934         -0.024517 -0.035742   \n",
       "combine40yd          -0.671257      0.466885          0.171116 -0.251462   \n",
       "combineVert           0.741965     -0.348651         -0.089991  0.224057   \n",
       "combineShuttle       -0.429832      0.528486         -0.112781 -0.219620   \n",
       "combineBroad          1.000000     -0.484235         -0.137402  0.317826   \n",
       "combine3cone         -0.484235      1.000000         -0.181050 -0.427712   \n",
       "combineWonderlic     -0.137402     -0.181050          1.000000  0.158248   \n",
       "draft                 0.317826     -0.427712          0.158248  1.000000   \n",
       "round                -0.304747      0.274004         -0.062356 -0.323154   \n",
       "pick                 -0.302798      0.266280         -0.066808 -0.212678   \n",
       "draftTradeValue       0.274558     -0.259747          0.084458  0.131854   \n",
       "\n",
       "                     round      pick  draftTradeValue  \n",
       "playerId         -0.322308 -0.211819         0.131260  \n",
       "combineYear      -0.323154 -0.212678         0.131854  \n",
       "combineHeight    -0.255504 -0.231363         0.178898  \n",
       "combineWeight    -0.353024 -0.295142         0.249708  \n",
       "ageAtDraft_x      0.233858  0.262052        -0.328162  \n",
       "combine40yd       0.262367  0.239721        -0.244844  \n",
       "combineVert      -0.333702 -0.295485         0.219154  \n",
       "combineShuttle    0.240681  0.202951        -0.110840  \n",
       "combineBroad     -0.304747 -0.302798         0.274558  \n",
       "combine3cone      0.274004  0.266280        -0.259747  \n",
       "combineWonderlic -0.062356 -0.066808         0.084458  \n",
       "draft            -0.323154 -0.212678         0.131854  \n",
       "round             1.000000  0.976094        -0.625217  \n",
       "pick              0.976094  1.000000        -0.687910  \n",
       "draftTradeValue  -0.625217 -0.687910         1.000000  "
      ]
     },
     "metadata": {},
     "output_type": "display_data"
    }
   ],
   "source": [
    "display(combine_draft.corr(numeric_only = True))"
   ]
  }
 ],
 "metadata": {
  "kernelspec": {
   "display_name": "base",
   "language": "python",
   "name": "python3"
  },
  "language_info": {
   "codemirror_mode": {
    "name": "ipython",
    "version": 3
   },
   "file_extension": ".py",
   "mimetype": "text/x-python",
   "name": "python",
   "nbconvert_exporter": "python",
   "pygments_lexer": "ipython3",
   "version": "3.13.9"
  }
 },
 "nbformat": 4,
 "nbformat_minor": 5
}
